P0: 797.5739281788179 0.0 612.0 0.0 0.0 797.5739281788179 185.0 0.0 0.0 0.0 1.0 0.0 
P1: 797.5739281788179 0.0 612.0 0.0 0.0 797.5739281788179 185.0 0.0 0.0 0.0 1.0 0.0 
P2: 797.5739281788179 0.0 612.0 0.0 0.0 797.5739281788179 185.0 0.0 0.0 0.0 1.0 0.0 
P3: 797.5739281788179 0.0 612.0 0.0 0.0 797.5739281788179 185.0 0.0 0.0 0.0 1.0 0.0 
R0_rect: 1 0 0 0 1 0 0 0 1 
Tr_velo_to_cam: 0 -1 0 0 0 0 -1 0 1 0 0 0 
Tr_imu_to_velo: 1 0 0 0 0 1 0 0 0 0 1 0 
